fishlibVersion=25.20240517.001
dheVersion=1.20240517.245
dhcVersion=0.36.1
